mouthTopAngle Avg: 172.8399482


178.01683866123363
191.7044657767042 
184.34561486996003 
172.88824162423077
174.85271600579242 
168.09693630956053 
175.5207157621187
180.8393626423301
170.7882206766193 
170.40406702117747
190.99117300216363
132.62554187664128
169.47122286040877
168.05983177620558
180.43047105230377
180.53416218825762
183.63504900274594
179.70012361895482
181.9959608301564
179.445504775131
174.48949421633412
159.1738329058333
156.05945201344224
175.8620612578248
169.4372218480925
179.5239248085542
175.03216328011314
176.92403317920505
163.5076254230711
156.509028769362
176.62611855246382
188.57154529424267
159.6852473364441
161.67559800458082 
161.97461849090195 



