mouthBottomAngle Avg: 113.2497786

114.85305285103411
110.79813995503808
101.53012205210331 
109.28863119175645 
98.62953201263903 
128.6781776492332 
98.78786598978223 
112.6133379641494 
99.00299279179652
113.36699359197823
122.10116486925332
178.22276030067223
120.10076145656036
112.65598129213804
111.82656367160087
112.7039194618475
100.54181636413699
97.11280368571099
117.32675861990047
116.59062183335769
113.40858787759353
97.91444976176555
102.41527223142302
109.86238895032119
111.42390303883028
107.99136658032744
113.62917227199577
122.61897040284961
116.56262235972703
111.68019607860236
118.49058320948731
114.92417772169215
126.9894054064839
93.21270051670558 
125.88645860430876




