109.12704532459871
231.27016492203146
117.75398567376556
215.30966826506943
134.5600463648844
208.5448047212396
143.37505906151628
209.82097078260875
151.80520613370084
208.99799197484683
170.84732531921065
215.36009730426883
184.11005078017317
230.38250469225375
170.87578308921434
246.49970266028623
157.56753404436722
254.1694962130722
144.4677743867934
256.22168953881123
131.21536804725082
254.96861404960254
119.00667503143023
248.3968745729294
110.57197670687236
231.29969688642575
131.46181587473114
216.51011051773628
143.16900843766535
215.50977942380212
156.32096648059957
216.89861634932777
183.16925216686087
229.58884384914415
156.46072255590713
246.4140171635944
144.0417981789401
247.70457470761227
131.96851459885795
246.62554520856207
142.5390111437752
152.3752331430168
142.0470832520774
163.24552123707335
140.57199636653326
171.86701979242036
140.05422090060358
180.29652847924316
126.34251411651081
195.61801120664296
133.41703500031787
196.1254259948699
141.9288391715841
197.09717742326163
151.99095031925924
196.07262690852798
159.40277817573906
195.67063909319126
94.81988763006177
161.18277772405435
102.20897304986454
157.398176237022
111.7900975607879
156.38552410794287
122.12470872297938
159.759577789959
113.24523193288991
162.793024132634
102.94387311641009
162.42310417863413
80.2018594901553
144.90011783051378
88.1694599633023
133.57705175735651
99.85936827436196
128.12747877772472
111.13156507583307
126.95578337789877
121.62935771436898
130.07313901940714
167.7925999352795
156.94939202810616
178.56372762977566
152.4221311864734
188.305310054718
151.31700174389107
197.2180115401402
155.18592180426333
188.59624734191067
158.33033771314604
177.1744509302298
158.63537829536878
165.60084287802405
125.76945708321277
175.64591586219717
122.33566136072564
188.13289335180804
121.27250395503903
201.6551010288826
125.99223348961868
212.0493872388995
137.01074181747106
66.88704417156973
179.87164269151378
69.48581688058073
198.43638245862684
72.16339109578851
215.8461763182196
75.69851554591901
233.36299679877393
81.63582749717978
252.09225421753354
92.28988348724965
264.7342996754414
103.16154242949105
271.4025316357767
119.25202790390459
278.0932977689434
146.65709268062642
282.671148149582
172.1936665103406
278.05332261714005
190.85104726314626
270.3763707729846
203.08661644729517
262.7410525786329
215.2565657521469
248.71577698843942
221.72912129623182
231.09304803557538
225.18362691900978
212.8349966486984
228.5525933295031
194.0588090865209
231.53176681802233
174.79455766278568
