169.032047662695
390.335706358812
206.10532493175134
374.928510750986
246.49377656774186
367.84844485753126
263.6954277048635
369.37333273413964
280.3440280419511
365.35741443173606
308.40377480347007
367.90997369808895
320.0063671433258
379.2755856584169
305.938473227573
418.69270215942197
287.8515127947933
438.3628379341373
262.05291782636607
445.47548125238086
236.85010691796245
444.040488182726
205.695955327132
430.2755158371391
173.432924588168
391.80246477831895
237.63082559220786
379.6972791761617
261.96506079370795
378.24536473108026
285.0758316059839
376.0886447827413
317.5425454086111
379.71274637088754
284.04253819208856
421.07381918679914
261.31934916886985
426.6864656695193
237.44732528559354
425.8589046525648
253.9644474253241
249.01639095424034
263.01772874369874
279.2532505275092
270.5672865196952
304.60356720294175
274.2836230643834
326.19007707290905
228.75421454422116
341.53708470809624
246.4134325749327
344.77280673636864
265.0288556773317
347.03281128538595
282.0612812835521
341.8775707321646
292.345927066386
336.21929696927634
147.83133063129586
254.60886304042103
166.38539724159492
248.27788434110704
184.45215215053838
245.79037133291592
202.4145668727308
253.1930292736347
187.95363852233336
260.77406986121895
166.74943817245878
260.05873571197895
110.95100757733043
226.30218283632917
134.7846637321053
211.3695458803582
162.48987469650874
202.5390335752426
188.12436666120442
202.31031172502952
210.66943972303386
209.12378569229566
282.1282611721451
245.12764264266102
302.4807901547763
233.97112109308642
319.37845914625103
231.32565950969447
330.29105845973453
237.09220363566348
319.9920013004631
245.25783430766856
301.7493843420851
248.13871263813598
285.84402854714773
200.19552694871584
302.2077253064473
191.6515673245209
320.79275474763904
186.81422223982318
338.35052397360204
190.00167302301716
350.6091185262102
200.14266653597153
48.480721549016614
267.8791306658088
57.50477031234254
310.7802658283681
68.35455890517959
350.07193563710655
78.76532130693285
386.9057095660163
98.80456221955876
426.14764450624386
129.68013370780739
453.6099036957114
164.36638161612052
473.546758873495
209.55521037985633
493.79038952273936
263.6396946092566
501.54802808087453
307.096300968662
480.7742824670954
327.59870371288656
451.41935988198304
341.78170650584053
423.93247404792146
357.7615324624324
388.1401201262902
366.6854528946802
348.9851716316148
369.5895387645447
315.6044914175394
369.0868025647113
281.4348331887377
362.51767372221843
245.08410692759176
