142.2042958578907
216.1634541025157
154.8584862945898
210.53442581471495
172.86623783666582
208.2479019277156
181.9087975802252
210.34627870674518
190.56990599178926
209.35950414769644
209.41644874029637
212.1441276795202
221.99266984878096
218.25966161394342
207.92136206472668
235.2685519062305
194.98328870181336
243.54817247325303
180.9134061958761
245.2030393319623
167.652811037965
243.22471993122588
154.9035479356474
235.20190484481333
144.47354309042592
216.6789921315567
169.04474245808817
215.1088320135711
181.0174996090705
215.5588813279726
194.05923940312633
215.9214965215104
220.3332612353683
217.67330647508555
193.9112991428812
233.50415809447966
181.23999935494646
234.52526183984853
169.2669956368637
232.75618198886076
184.29999930615514
144.16767905252158
183.64388425196813
160.86299960688007
182.48372590622895
175.33790101875593
181.90933882507977
186.85119930681753
165.4137833098091
192.69905509655848
172.4631246828248
195.17893865202714
181.59223549245928
197.54468292819405
191.5934962330607
195.73946265774288
198.88631359698218
194.0175696423074
132.15939274051698
139.35908409388946
139.87986570551772
136.74392932824549
150.18063932096658
137.4863085128432
160.5297461019272
143.03902807405845
151.32234723099714
145.56973146179115
139.84197856569887
143.8416728823709
117.07093252204464
117.7856901513922
126.20390421164163
109.49383783728838
139.15017142026977
107.31161715425425
151.1929115309461
108.6998108657412
161.6985763930027
113.1504510021609
208.34188526138925
144.00198281118813
219.8031780524803
139.27590163222104
230.1651905163062
139.28732451101268
238.49194191205288
143.17995148998756
229.65660076797582
147.60868505112612
218.05050693679607
147.18370341403596
208.92794518990166
114.14525237785766
219.95299462822118
111.25255377537387
232.35556033203756
110.18790869604452
245.22234573377426
113.68057630278169
255.32375481396355
122.81123951257288
101.87973801634598
140.29319862886143
102.94954004399094
162.53740040443097
106.29042502630281
183.16811462731732
108.05466374729525
202.99370412674443
112.9076590593105
225.14067322075363
123.09772103976007
242.4912547516036
134.8982420503595
256.02946430692725
151.6983319899615
270.6168306604899
179.40726008377834
279.46469403493757
206.73728671024787
272.925615866471
225.8102502229106
260.3864277547637
239.1037290126518
248.3656630086164
251.7025741560568
230.99465245277835
258.9724066551548
210.2965645691325
262.29135618627794
191.04109229282528
267.3252340252276
170.09200119288303
269.8767825462354
147.855460301684
