207.87001818676055
337.12379217590603
224.72291699094606
320.26589827796636
253.12285953104058
313.6613249464772
268.4611600694544
316.66149695752154
283.6172855561503
314.2767250999052
315.80120945180255
320.38787766468585
338.48282187846695
336.178968937297
317.26301793046105
371.29594918611156
295.1045743344129
387.7440003053063
272.16324985011056
392.42043923220797
249.6720829464731
389.33205995236756
228.3058285310968
374.9347715890825
212.58125525572564
338.53898495853645
248.2226962235581
325.67450772247133
268.4325932410004
325.7331654696921
290.17297681644436
326.08838273461424
335.4833048907931
336.48962396616855
292.5948447148922
371.16390652161994
271.80570442940757
374.5660212489792
251.74333849719108
371.3517774476647
265.2034717070255
202.3813116338263
265.22521245437326
228.49124510238966
263.20942148744024
252.2504319274552
263.9489064744924
272.48457282369134
238.57528238472244
285.2474308558384
250.71940493288088
289.29491924840806
266.5199210353557
292.74194232627275
282.8800901950492
288.84689139244153
295.83879532161507
285.790536352528
183.52748541719438
201.55198462555597
196.82587902188288
196.20799150493207
213.9705339478336
194.46177269455202
230.58862840098828
203.30661401718675
215.49821731892334
207.94440061235284
197.78908400255818
206.56175989419276
157.1705525749644
175.42396018708527
171.5846466681767
166.137875933405
193.53357879052183
160.70688153653833
214.18176799059316
161.04332209228966
233.198448911965
167.7858458293702
303.45026092579957
202.71984185559822
321.15895557551056
193.5029859009087
337.1467074450062
194.2220397622842
351.71112511116957
200.35898434359063
338.18698936657404
207.29486492082393
320.7564521723492
205.5396622771275
297.7975168267602
166.17279022902912
317.2162410862659
161.31416963243288
339.02460729391845
159.71812555754332
360.4937022917293
165.22819737285405
378.43690171524383
174.9249691408704
134.13098280890958
209.38975726971577
136.54455883767508
247.332223401041
143.42525929195725
282.54859474197116
148.15179084829126
318.5515155077784
159.69711736473698
358.8721535267107
179.01128382234486
391.70605899757936
200.3502232141095
417.9938844798137
228.76121801405156
445.5109354481348
273.7136047977899
459.8656863449296
318.8485732023403
445.26948600449293
349.85736262742296
419.2699219459071
370.7426886012229
391.59455822597783
389.47709288023407
357.0056794122389
398.48739155023793
316.2094714796025
401.97453467035416
280.2123654366352
407.87558549402326
242.5577951455656
409.7071792629545
204.16315427446273
