190.08337481617212
389.18468339309914
211.8068458247131
381.1242198541322
239.47665252192317
374.2153895214343
253.42176332502325
375.21861879137884
267.4014667444993
370.6659499025676
298.1950346992509
366.39150026616204
322.78253769852597
366.2950583416373
302.68144811925845
392.39003616794525
283.6786601567918
407.64549790086505
262.8652462079156
414.0216099565137
241.726288837294
415.7741615803191
218.41328766440196
409.82531865001135
194.74406849415902
389.20237487916086
235.58299067171163
385.0122737985117
254.23283125205748
382.4875946699485
275.39614521801064
378.0379706132387
320.5971862743165
366.0683166485733
278.2037395616337
392.5719749799789
258.69283417501896
397.8262386841886
240.56128006480972
399.57547091152196
232.65525424030068
258.6918740062813
236.99906660377275
286.01141756215355
240.60896630461554
311.6522660657227
244.63575224095163
332.12938964669183
220.63732834590698
346.48470282713583
233.11031625766105
348.7506484577183
248.39291892722466
349.85132444247097
263.73681493545257
343.34372840116316
274.7547027825703
336.88622833255744
145.64548103439893
268.16977815252017
158.00600666477575
261.08515437693273
175.64998236798178
256.96140982602753
194.47734033400926
263.3697155417839
179.77917316479977
271.5896267388511
160.98807102903663
272.3030726967888
112.88517381917316
244.4017914521833
126.76986754059044
230.9713159568934
148.16148830962135
223.12188977714112
169.32839660357484
220.7603118856329
188.8619060715582
224.0565376245713
271.490048332419
248.44024097077045
288.1872646453231
236.50910097652215
304.69020864605955
233.02328611381628
320.0761426643785
237.11691835591523
307.4569928556166
247.13068074883898
288.3643243681227
250.29170163810005
262.6149380989724
210.44782175291147
279.8864431912607
201.668595614563
300.5041783517952
195.13351698901891
322.4749435917636
195.39272484669823
342.7223513431693
201.7410907849447
88.14566534926247
275.77691081816994
96.7160418689594
313.64489976787286
109.35602371073566
348.06364104411307
120.0996207976408
381.0381129153798
137.23520559522046
417.2023991974669
163.4044863961253
442.8815553305915
190.29320766632887
460.96566319549277
224.4308401625189
477.7958466147361
274.4496314029137
481.84682012649876
318.98375717751605
462.03528039487753
347.53937596415255
435.3266627883378
366.5805183086353
409.0598837662485
382.2379692036013
373.43165310036625
386.5002617615253
335.1369781625404
385.30569466436725
300.7060448327719
385.0001991093567
263.43714414687486
380.98433010713336
223.91622135289415
