175.63141501091394
259.6972743138157
188.48112173757903
236.8221199985033
211.8658537337447
227.33312544018344
223.77770960372814
228.10968661716709
235.17066251000173
226.4860933842304
259.7277572998055
234.49725081472943
274.6045312759329
255.06002533966944
260.34870821419065
281.88399093742987
244.04876129610963
293.9636066437004
226.23505692533547
297.18547941166287
208.8939642226525
296.21708394295797
191.52500777697037
286.8574767093518
178.274634864661
260.170168798274
209.10421479531732
238.13114797327606
224.8039499995077
236.80489998570167
241.0932793803454
237.57558626366628
272.2047490910006
254.71417380216897
241.73028786135816
281.59108326424814
225.33879385361172
283.77284772251096
209.3594148869161
282.961623245852
215.41321959723757
155.58480479989328
216.93285461519042
169.61300310550016
217.37919954622768
181.3975481710167
218.1016587837085
194.011172661636
198.34703068507616
211.67003065174575
208.67417536790373
213.06677045023378
220.8491069752434
214.10803699418184
233.68024030399724
211.48560626828845
244.17083380534967
210.29847198218846
150.09028745277868
166.12771926245932
160.16156844792974
161.08183687269715
172.94695740090924
159.65945195384754
187.33199939118992
164.6563535940686
175.4731655770419
168.41571682643973
161.00618770182567
167.98091848051337
127.35627339505541
148.2965460186399
138.7002332216797
135.40380451744124
155.34345984921234
129.20642273233318
171.53777102243964
128.10946675071241
186.7469118340594
132.7749023321177
246.94101927787682
161.45808508190356
260.7584313924559
155.35942009019934
274.011976439862
154.6054340150875
286.42917166141746
159.89937738747932
275.0639876987034
163.19286182537266
260.58525469296774
163.45053754772704
242.08434189174181
129.35269515874054
256.43105573933633
125.26077566212402
273.03336911638564
123.46865236872924
290.80655766509665
128.14047568178765
305.86976567773723
139.29778806058815
109.17438805432022
194.76744380732828
113.46765778595139
221.04467399863697
120.52805570818023
247.10246764107563
126.48209494664309
271.4934994042228
137.62077023278852
298.03457675278173
155.18447389661668
314.6863849504747
172.57455603281664
325.14360752194546
196.55383365328635
336.27553642968746
233.78173404256373
342.704057464829
267.7790737112051
333.5853350456327
290.8556637748471
318.5790428038192
307.4763244896053
303.7622683852301
322.37526695008694
281.87501811066204
329.4715154681074
255.59141763098714
331.3088452851971
230.33419410558497
333.0361202450915
204.6572990526332
332.288546448362
178.4369967723652
