199.23602986354817
235.41413915340723
215.7304163731108
234.25078041764954
236.12967460649458
233.81614224990307
246.13563027509167
235.76636208722334
255.48313957584938
233.84337421622672
276.3186041513028
232.19807247562449
290.680559466625
232.0933007678737
274.77639434069897
251.75502023185518
261.3480554817522
261.0543998999259
246.459533355433
263.7899165707222
232.44232195631486
262.8062317226243
216.89260158062217
255.3013644181819
201.96357802060936
236.1313161080209
232.24704073498248
238.85748142434383
245.5942984454482
239.31323150225063
260.3263426865518
237.92188925639485
289.1937485840588
232.11013092232275
259.6070237357198
251.7434766184576
245.49377347755046
253.98626026001705
232.58809339652498
252.83925212206873
241.85490693264884
168.71967389432663
243.04439417708653
187.13008165123347
243.77351632953213
204.02755671809985
244.91080814916222
216.95054628155893
227.21741420981107
218.9622749669234
234.976046124716
221.84229803847103
245.1024161807008
224.25548413932347
255.30235842176856
220.9232391565751
262.5806455008522
217.48979630484297
188.20717212928457
164.23809149852306
196.30649239756391
161.380778859268
206.50657313595175
160.4876931075166
217.4814500343031
165.76742045843383
208.5289411120758
169.41348388077205
196.86278795940018
168.4643328197374
170.71840195874952
147.9808274001085
180.37137613140823
142.97612007302948
193.50924395875978
141.0190408630598
206.40995620112972
142.1571686396629
217.78320558667463
146.14108827815403
265.0492217342057
162.98576358809294
275.8165694308302
156.69282725619678
286.2775610554071
156.26493998995505
294.95623668931836
159.21699361058134
286.73102536788497
164.42341159471414
275.1823360075168
165.20933927353164
262.62786706538157
143.3897519472565
273.4084743749995
139.24086482472185
285.9206233534121
136.4701621127423
298.8577904990798
137.3336066969565
310.3937381059993
140.78109941642919
153.5032061467582
162.4299688607406
156.3311001284444
185.99394346378415
161.44063509109304
207.44151472684194
164.62199079312103
227.77542987443837
171.97284444631123
250.30397318436152
184.71298108927755
268.0504233556419
198.65290195134938
282.36462956678923
218.57709029032063
297.8882662051475
248.65453523024277
304.9307038927735
277.1934134412419
294.80907869394235
295.55232915500244
278.3277217741193
308.11903403428687
262.30171530167
319.4689857619429
241.73749307787622
324.69639248183097
219.24044065395748
326.02155892697976
199.42675882527948
328.1220574565046
177.69358303826525
327.73120597595437
154.35539683189177
