161.10527525185074
207.43240980056885
167.49242619811452
192.95957486600201
181.9093531389194
185.53514657511462
190.09302444413427
185.55574979786016
197.86374926441235
183.66843505341615
216.03739188242736
186.77365998386318
228.66251306533042
197.83891487112976
219.90336474283873
218.12468168234778
209.03724423666876
228.57753734047378
196.5834476038585
232.30403104886665
184.38979181500795
232.3790937119037
172.63254600179823
225.90025787419876
163.18889893509447
207.5574971294948
180.8508019994954
193.26795593788842
190.95956921213775
191.3942329557339
202.67393460628023
190.8884222974787
227.1904295381679
197.69431248169593
205.9320689021427
219.4939798732479
194.6588828419615
222.13489829569397
184.13947442549937
222.23409557590827
178.5444257370591
131.13182106502302
180.28312789336283
142.9066988843785
181.27213729837814
153.43976544480756
182.6697345095437
163.0569586999607
171.02642762622185
174.29850100257244
177.90308119827026
174.83161324074382
186.48401650595366
175.05910587534896
195.14901517636483
172.22691727542664
201.910147333388
170.16681571302468
133.21590216232622
139.94047128127306
139.61588821295643
135.38518804366322
149.0829932946371
133.45254774903123
159.4472743618238
136.91480024951386
151.31650953203072
140.84528331474613
140.8771891004081
141.37533637983424
115.98418590969561
127.50252796179511
123.25154356312427
119.04597265562587
134.55495289913762
114.02924703515008
145.63819693702203
112.49115409318053
156.12359013662223
114.6899873584156
201.1226063562545
130.3098402490527
210.24806987153931
124.1082188742379
219.66042863348628
122.5885823443728
228.6722598596019
125.70931615312719
221.10642579665486
129.92669165247202
210.58193590542646
131.0419450235994
195.60197827508574
108.09260728052281
205.4086441468571
103.86755176821511
217.2789801522513
101.26601314156044
230.05518759781617
102.92963804478538
241.59195325858764
108.38868878277694
105.35396109673509
154.0098033392897
109.43237711110613
173.1729819499575
116.08620691950944
191.1369339149296
122.44511954102157
208.63792930901639
132.4193454004916
228.16410754992512
146.90543351267044
240.884908890691
160.18532024153052
249.91177926474256
177.52843742452944
259.29504330299784
203.46730175706813
262.94445200910064
227.67861251371693
252.66798129029394
243.00562172884685
238.74996537740395
254.1922693976426
226.0265976162662
263.0757057742767
208.4096718811404
266.2386390784518
188.0711394670763
265.7843618052224
169.18513425657272
265.87532458411977
149.38885053720395
263.7734886324789
128.86402680118505
