152.6848356404123
214.57182091525954
169.37109295897983
209.3325388730326
189.67839924679112
209.91698460545848
198.72196583450028
213.56789414311737
207.95913214116564
213.94449159149522
224.98338869861533
220.76349288014706
234.17701321588606
231.3666256119247
218.97459796232974
247.10336220509248
205.25830360752855
252.76800397469316
190.7324461277467
252.42380840693
177.9183557370727
248.403094334841
164.7912202295063
237.97046480620605
154.78572995368071
215.76088914172766
184.12313807525197
215.79600180959847
196.84625361489518
218.51001011884074
209.41509865502712
221.0279806720412
232.5130361858678
230.44568082143547
206.29116863958487
243.32142065284808
193.3635411588278
242.44827076237317
180.6828012168982
238.74422979449378
211.23416727869937
149.58417795035163
210.00213336741444
164.60533580639458
208.24156472643253
176.85695673659723
206.11725138022382
187.86803105881063
184.62427325040375
192.41968204899672
192.3164438282976
196.19177972281287
201.3667100682148
199.75429633484475
211.48218530946252
199.79382067609322
218.65894081407032
199.6775438486118
158.28725617554008
138.4568826109827
167.61276150203895
137.64693658572907
177.07532410083968
139.520869266656
186.2167198906841
146.1758121159849
177.29704331920541
147.21106974201217
165.8802112111881
144.02503895770644
144.9459876454918
117.1164491240554
157.008592446889
111.43327699745124
171.00865217744962
111.5012998185473
183.45332160338842
115.00883595111013
193.96649795763489
121.39142706786753
230.95407590671243
155.08514663764134
242.86313015346263
152.36265515886808
252.9765586093111
154.34452235237734
258.9962020681788
159.54852163812131
251.02161675489072
161.909590761882
240.34044334905133
159.7237341697129
236.32379360182614
129.39275682173098
247.24743967798645
128.6267707298146
258.85568787053694
129.62845711601864
269.1118915078986
135.02757993151405
276.122036301024
144.30855541308492
117.9804661415651
137.08632186244625
115.64829995307483
159.4705041178355
115.77772937978989
180.77706339459917
115.01523041907696
200.92620687256215
117.87901044029945
224.37424024426187
126.61503413436611
243.4254511002547
138.5668775008801
258.78215658118677
156.10948246069094
275.32627192461854
182.61791781274215
287.94739973418
209.39542809534709
286.3115087235924
227.43575890463012
276.6593733139634
240.25078938859798
265.73566607043495
253.8638043801426
249.79066660222708
263.9057024462532
229.4682453506357
269.803966770979
210.7234597599704
276.2912292940856
191.20479224509654
280.0156290260766
171.75105605791114
