284.7715111604897
395.69249121817995
305.43035276498694
391.51379726092273
328.4565584873682
392.59503341553176
341.33750090383944
395.1836315298333
354.84509402473554
393.80342660938004
381.98149785905434
390.8367377356509
403.86148000930893
393.5055537587805
382.29226626571267
421.58020112890483
361.59112788221387
430.8593309413568
343.3409366452215
434.2773671062239
327.11913816310346
432.524226858621
306.1556449169112
422.74074450220905
289.7393042179631
398.18174693086166
324.183290024388
397.27309427415673
340.9963859936587
398.9628257918258
360.80928436260024
397.2709024436673
402.4403847901144
394.0477539672481
360.2304960042962
419.7596389406128
342.5599811665787
423.07113979535256
326.34537887853514
421.2142889205769
336.4447626194576
320.59925186401654
338.00733195194584
337.40831499265596
339.1145506210838
350.20492370186366
340.0527352847281
363.241236858858
313.68292516300556
372.604065268697
325.92362066156664
377.2607712154759
338.82440620042195
379.509558426785
350.86599678888865
377.1565357838199
360.85827972651146
373.44175355445
271.3434206730652
327.19069584507594
282.70409819157544
324.0670595599624
295.2153093431314
322.62034338895296
308.6715338871768
327.04513977806624
297.68301443520056
331.28542108499136
283.18061638324036
329.84329695321156
251.8494132234554
308.52682317674703
265.57773811429723
295.33598982910405
282.88545759330316
292.0816463567754
301.5758032753076
292.78446374915467
316.3218613964189
298.05133594385626
361.8158175589006
325.9532840503816
374.75318119912595
321.34011372258476
387.39848653728654
320.4481390436533
397.50688848737894
324.7099913583882
388.2276565162282
326.8215344795788
373.15904047901745
329.2932478306321
356.32483057011126
292.69038868665126
371.17656556675865
289.67674138822855
387.4499622914958
289.51256247977165
403.2242799905919
294.52286316494485
415.4398959872509
301.3835241282683
216.73199379559603
330.5425912096104
215.2724812350035
354.9770711995615
219.90955558607598
379.7199741537708
227.0371006485037
404.36034729089505
241.58277921450647
427.9389020392955
262.3071674292862
447.7833339695707
282.33489515792735
463.11639220639995
310.3300422666237
478.30596272330104
340.80804475257355
483.7546989657784
370.93387009383457
475.910183950366
391.7430432547576
462.92880547444145
406.87653221599714
449.0386508584041
419.54798882964536
427.4541216154807
429.2786365239821
404.538163398207
434.16338243962593
378.00688883659103
434.40388843222524
351.59027633688186
434.3519227243769
326.13920375633415
