205.78651994517634
305.3543786143034
220.92431944287472
295.8691073412103
244.26318147630855
292.56154789361585
256.1845153303877
294.4585240330796
267.23704634885735
292.8670915421758
291.58346627188484
296.2247454826437
308.58450210035244
305.33559317947584
292.40578576346064
332.81704643377293
275.79755958550834
345.9412743994431
257.98611244819455
349.52586546406513
239.91481032006834
346.29877722521894
222.66996413980849
334.75631814984035
208.57626902516552
306.1879807098736
239.55404317022027
300.0020415946751
255.18523035337503
300.11535896612986
272.77270742763085
301.0366894203213
306.81089121670493
305.5054180460356
273.80698187982466
335.2267981681706
257.45906510145335
337.71343033403554
241.28557446540032
335.16984970041705
253.50554843518708
211.5034769957257
254.5781536035075
231.9051112280041
254.31263186805148
248.79419987701704
254.621456086161
262.4116242520262
233.92532184863302
272.2844789851344
243.5024143254305
275.0227175450343
255.02914094136563
277.26917080807056
267.24686959723704
274.93375446299723
276.01908386019414
272.3572772697981
190.0046127242116
207.50630247172128
199.80707524402317
203.02369895660135
212.27889859131702
203.29993052325233
225.9908836578656
210.55101072274311
214.19331605088922
214.49694422498786
200.1349111231125
213.1470639517325
171.63063092007462
183.2523343316541
182.34298017416134
173.2838562546136
197.68110377274644
169.85632901680876
212.19356329756926
171.91894275129903
225.48719158533333
178.24779795208278
282.29485653832074
209.99585450648044
296.099046490001
202.0302600249607
309.13213149131786
200.81480081419704
319.64141682694253
205.32703139168922
309.4501374395456
211.54194870950565
295.2963868601484
213.08866342404343
280.3356597675971
175.58415227803584
293.0382559445139
170.04410186388938
308.76337877561
167.26582180632582
324.31481053739606
171.07232408808548
335.9058560415318
180.82701153805627
153.310043816867
209.33512313854948
157.0811504455758
235.97053886858765
160.79467412783006
259.7935003419777
165.60707849720004
282.6178162566697
174.52120862807575
308.7054557626989
188.68400394671238
330.6303890618779
204.8978701383507
346.7763128059257
227.2595929397586
365.3865303013855
261.25271007095995
375.8889742840243
292.3262241340667
365.5081127601956
313.59846181789754
347.14420998698836
327.71124878330306
330.12304373013023
342.66211253258325
308.1676203221097
349.4892300616067
282.91958013967076
352.8997950742312
259.5954910235673
356.3049606414878
235.79169926117004
357.0040952618855
209.33079215717993
