143.811993081307
163.31254571438615
148.63982708762958
161.43034404265728
156.6728818740347
160.6918197446539
161.60048693070735
162.6375153454537
166.96814828005557
162.36827720573288
178.93721962890075
164.42167368135273
189.92995562524987
167.9003824386501
179.16472480550152
175.4142638380349
169.86236732708483
179.1362934122354
162.02809981737244
179.27580446457347
155.01320902704893
177.6087657378843
148.94986240180532
173.37400863910662
145.63466722259204
163.82871483467625
155.71502038134486
164.9708891441516
161.7275252353662
165.90002867899744
169.3418480159492
166.36760808675302
188.50069738432776
167.29574323754386
169.44808491723148
172.69687117075813
162.31690646929943
172.4681946947967
156.15867378681085
170.906061424369
165.82919006254699
115.35107540619234
163.2263574972062
126.37405344828662
159.91348579243112
136.39759911901493
158.5185384735104
144.68576931715856
152.90255019852432
148.75463799074137
156.56113943699955
150.78619789274603
161.56152905982958
152.83593503904666
168.36300607806973
151.8927411510956
173.61368801734963
151.10632950702967
139.57501740387573
109.6616172566315
142.87442028134714
107.84024052137991
149.4583676003687
108.64606733064876
155.85479506952652
113.3788285968339
149.698108657242
114.66261754623099
143.14872861554514
112.96891172051531
132.26723455298088
95.18204358765345
135.30301056805854
89.92881120653702
141.90304520090038
89.18199261896763
148.70119570363573
90.42211698122566
154.44150817215936
94.2502965172802
184.11357887008347
116.38990000114175
191.3694518025756
112.96239024782257
197.98188915010675
113.44992739888067
204.38861559264996
116.84643118429237
197.88232562549456
119.45793157041454
190.15396948649516
118.37385350367265
181.26066151403074
96.92253316611253
189.65651808532468
95.16188654786446
199.33074947868263
95.17011916087466
208.96898532934324
98.50275764094336
217.5583128562204
105.56621844548417
129.96272735686927
113.02867959545216
128.2644455670847
126.66727037936231
128.83926439445807
139.68829490724863
130.0898755280952
152.5579032710961
132.79205086763088
166.44058396319627
137.73409320505084
178.15734907085834
142.28243887199184
187.26840480396012
148.8304842383547
196.6333238747101
163.70668599043293
203.13493364362034
181.08895634613555
201.769294417406
196.02835578910606
195.40192795229362
207.62115042206054
188.1722450984837
218.84704768865154
177.33958378748127
225.87958223582962
164.3406135668165
230.16653499390856
151.49738608765824
234.6261410276657
137.04095978372382
238.25186795517288
122.16634799417889
