209.70934191473305
326.02107000122817
233.0518246032797
317.50315602123555
264.6620284515417
312.5760732502216
280.1127195372653
316.19223556410344
296.2711246767243
313.38765450072026
329.1865081702799
315.283003142726
353.6937307489346
322.30752684213195
329.98016007241984
352.2621228936395
307.29718128667
368.05979570473903
282.67884241744616
372.08909514133734
259.07399008462767
370.41065899272974
234.4041296140218
357.5979698722109
214.56681721985194
326.9315427403598
258.6156739244616
324.4990729047465
279.8468785794252
324.5568112863556
303.01353466822
322.6879227564395
350.67430455943133
321.7697059820989
303.51559623062343
350.7357210789795
281.5286614904945
353.68588046338454
260.2064490423096
351.6201789482923
273.4700070417063
194.82578771186627
274.88511542292736
223.5382413109386
275.3765575063225
251.11882147637704
276.92076677965906
272.3470029531089
247.38856659742078
283.27797102540865
260.89745739949757
287.3844086854124
277.6460315207446
290.83234892850334
295.53210028810656
286.44982925762224
308.1033481877272
282.2103277647062
176.52892248835894
187.85313473700137
190.9439403197061
182.94444603729733
210.73504656139534
182.32643386400235
230.12088265338394
192.41455036703886
212.98519997529922
198.57297846542258
192.03987055335847
195.49946311975842
146.7380723342004
153.78705527770308
164.46389259238794
141.6017828311431
188.82345302825195
139.7368363848585
211.9741456421505
141.8669879609456
232.16465277309933
149.9956901302856
316.3817230828347
189.96153578093293
336.3296265030207
179.41396503289081
354.9581338785955
178.27638295728568
370.9025850630247
184.5597651186503
355.539122149499
194.05323274147332
334.62311048277724
194.27083297516464
312.5628899186968
148.20959678583984
332.4839134963177
140.48688910407236
355.9514319860906
135.6783365588246
379.2827699310759
138.2327731786931
399.4736653010423
148.97643615735103
117.22986161213579
184.31412654803472
121.15165519277667
225.21014193907212
129.65804486115468
262.9738580785756
136.1626184886466
298.73718020319836
149.68973083225825
337.36236062903293
172.934588536094
367.2741498165109
198.33285391630943
390.90167828421505
232.4235282662136
415.8303000760757
283.7782325458722
428.1793488791685
331.82255974879047
413.3277204843307
364.9876494433704
389.04102673630763
387.1333282664808
364.3781032695103
407.859582403999
331.53097490463904
418.3974398682252
294.14992859532583
423.03685045224654
259.0426391536172
429.3236733754933
220.43107042005948
430.9563554696427
178.96255695177786
