263.1251081172766
195.84073947825925
271.2332502844945
190.46074358009395
284.35850455415243
186.67785058012635
291.24427206885474
186.9753426653922
297.79063044950175
184.82199778488948
313.10454860304344
183.04985702682512
324.1043088305877
184.70664249865683
316.8876390095486
203.49396025055051
308.27906165624455
213.56886976419446
297.49641383770165
217.36604975051807
286.7980478578451
217.68842277598668
275.5881922465076
211.8954210920598
265.0575591991294
195.87036294546448
282.84547441628416
191.69756293947785
291.8871689277317
190.17865728191748
301.8991180928434
188.33146776669548
323.3219465188392
184.84522527622084
304.8078328830965
205.72281923010877
295.2583870921928
208.9847273222091
286.453609948029
209.13202288424526
278.94274566838703
136.67341318548006
281.4111545880105
150.3321731279151
283.6865759303659
162.87654318413678
285.88621118515505
172.5025462796374
274.97709076388895
175.7653751546422
280.7408653008156
177.00139254181897
288.21585247761817
177.48310061332154
295.47762620812375
174.18499486209612
300.559425646341
170.86968136153826
238.51802343445374
137.66601220602112
243.98007142573496
135.48293494850728
252.19191824727017
133.5484492734095
261.1115597188327
136.51329596902187
254.26319233927617
140.30630272960116
245.5514807764822
140.43832121613673
222.91638509418615
125.38270638021407
229.19881305273316
121.13527345451052
239.2924327484132
118.87095690746273
248.56469219785203
118.84435568737126
257.2202454057847
120.62886513407403
296.63194070059086
128.8932976379763
304.64891692309743
122.84771926282653
312.4153072556577
120.85754107334725
319.6552822401343
121.81461569538153
313.88236950936925
127.39555761110377
305.1317237025245
129.21648253654345
292.2798011180215
113.4158627476826
300.0059723210943
108.76990161473378
309.5560273249206
104.43186686902304
320.04638585981843
102.92458609563124
329.60463754660276
104.0236605403897
213.22223185012717
135.01728117248373
217.90309995655957
152.73154030950369
224.96227992966828
168.31768698787005
230.78795880697584
182.8994030804178
240.05649098098846
200.28605162039446
252.8625398324228
213.7509075543132
265.15404191116477
225.29673310468073
280.83490562286147
237.84439025686234
304.2494504714764
241.62302587350834
324.7897287514592
229.15882333532164
336.876003611489
212.32198119821044
344.3581351943834
196.9578867627402
350.51805320335353
178.34175542394087
351.46570051929154
159.30062831983935
350.0427120513774
143.53495867778145
350.05168409623695
126.3921393914355
347.15332592566733
107.9395163244145
