212.5213600122362
181.5056968478852
220.68859392738386
177.77314447847408
232.03349498129208
175.6437872256967
237.96084565526112
176.55947626363746
243.65046558006804
175.35995868676864
256.60590165594306
175.90074210294097
266.3487670679857
178.46396073966292
256.8429742313115
189.19165037383772
248.3492901772923
194.7818112699975
239.45614338411457
196.4097856911436
230.81262322199987
196.03335832671127
222.1218283051726
192.17236773884974
214.2346514020433
181.6929025716874
230.31343902749418
180.16788894542213
238.01569753420358
179.83720798932023
246.7809189061339
179.30424507539504
265.2279864789495
178.30156569651047
247.023175615828
188.3336855846802
238.69372623734165
189.567426683419
231.11541973231033
189.22996848163854
234.21352503525645
132.14456138801015
234.60636947126721
142.5818374164199
234.59366102912725
151.93035363298577
235.13980307985221
159.8391953949996
226.12233457008767
165.26181556147316
230.72628869659235
166.55062962538477
236.67969817743028
167.621905084662
242.9590093189783
165.80929778298056
247.84425961186605
164.1641449266075
201.7040908868056
133.0673845751924
206.197191482687
130.75456712501511
212.85102788965463
130.20262949199676
219.9408150533189
133.2553903904983
214.12083202654725
135.5473270212353
206.88836741049423
135.17569628380812
190.77561273564712
121.50411506488696
195.74894252705593
115.81473105621421
203.63773642506106
113.51365220344202
211.47001269563359
113.67779254423739
218.58015449328803
115.93564880673132
250.35233242277064
131.27795639501585
257.0774791163243
127.8584712025732
263.69950378993
127.4059900420898
269.82755684296404
129.41766324751092
264.1042237938357
132.55015679417374
256.6357957471406
132.63452722764464
247.68622477095775
114.22030949200112
254.87772416255507
111.63721309173145
263.36376202472405
110.44404035814765
272.06583527767043
112.0814795872416
279.89575512354946
116.87090674936726
183.6164369903624
138.3858085113749
185.20890778251305
152.606395655476
188.56272883981416
165.8624489597376
191.13445152565032
178.61369551137412
196.24660317111324
192.61201802014477
204.4607096236551
202.90653654539784
212.76906900113482
210.5205289002215
223.78490347220153
218.3435883025814
242.12806084163722
222.16866105715332
259.650946775274
216.6576464675872
271.76545613407137
207.85260809299294
280.2394924815085
199.16096307896532
287.9566939710154
186.94742508203586
291.7940422027145
172.82424123447854
292.9375013480248
159.89327216780995
294.5100979324266
145.93190682688032
294.4980882920923
131.15120464395076
