96.70906656429926
275.82344531428276
114.94953287158603
268.63101076546303
138.77196181274118
266.20786151489585
151.19607559536774
269.02977164890154
162.90883389484466
267.5002346098913
188.45495867449213
270.7304631116905
206.66986564032564
278.4153721931772
186.6518917367412
300.15647351558914
168.8659724167843
310.0272798741669
150.3476930506153
312.23069501402983
132.93815048853946
310.1317331176574
114.45903084734934
300.12378943422243
99.57095249304652
276.8033515490556
134.05240134572347
273.75458949362866
150.40655698850773
274.6969322997588
168.8216041854709
275.22562466787633
204.87941849418462
278.0689008096704
167.2510654350198
298.6409205852667
149.9793102485683
300.0533281383788
133.48792858350268
297.88341449630764
150.50587389578956
186.1632320937476
150.84359543612652
205.641598995109
150.3990391171545
222.22245731878024
150.3747374914191
236.62438526842968
127.7629558561984
245.46056250648348
138.1889857074166
248.49854724073643
150.45665955080608
251.2827430384517
163.44182112968718
249.0587541559509
173.09408579634228
246.98324582316022
84.32486216206537
184.35403488834527
94.49137267821882
180.83064941741182
107.41865091112314
180.68701048806574
120.66380435668052
187.1823680291066
109.31989783799284
190.62909241500296
94.71519633583274
189.1199341962523
63.90034764058622
162.46934179522714
75.94267719831869
151.72880436034268
92.39569142825029
148.20815251856934
108.93688432033497
148.88223654548293
123.17197372768427
154.30199511160097
181.28498427915412
187.60369589369657
194.80800052376338
181.27132804391135
207.50446305235096
181.26121094369606
218.7783709408867
186.13808710694778
208.14716288992878
190.31742410774956
193.06294483528256
190.9236704311531
178.15789087165754
153.56401584347384
191.65480063294754
149.7031332782085
208.38102695607023
148.72995658135073
225.03258617883395
153.44425018960467
238.80538334386748
163.79832257042972
43.515198910503024
191.48633588346155
46.60164482901826
218.71281073160714
51.15122270739878
244.0156092040151
55.134767225736255
267.53895499716646
63.65899767891488
292.9677487797756
79.12919589705072
312.18161230161184
94.98083726463172
326.0560237052322
118.76503733255399
341.7019399853298
154.05184348325005
349.93332338608917
187.25916236206265
342.7661281413491
211.59974175603242
328.6514591869359
228.29666401350224
314.1558867540632
244.24998494642264
293.7558262430334
252.79473499600988
269.5833009007048
256.46362675411274
245.89278716080187
259.4749818926098
220.26842964239677
261.62621580632083
192.90715653793347
