213.8621098426309
278.0258784742375
230.3455662773269
271.2485328784272
251.2756018822769
268.3834986891641
261.4645285456293
271.09250753760966
271.59203687771765
269.6889793200649
292.0522361054624
273.59683089936783
306.0372533788953
280.8634812953129
289.4451228102156
299.19765270282846
274.7268518135602
307.49477019798337
258.9282492115118
309.5838218918592
244.03302122247666
307.6475295730038
228.92672678947477
299.0637481051417
216.6095124698012
278.7586898419016
246.89145722069878
276.58770082964224
260.6499522049145
277.1891462705124
275.557175351091
277.6673632539912
303.85913749871395
280.42028424760963
273.4649158030088
295.77545572659284
259.10524884070594
297.08171854257955
245.40538658254133
295.2363792544136
262.1117127526804
182.60752809187412
262.78325679307324
203.53404269776513
262.36467697301333
221.81743382615176
262.4400588610209
236.42947458335516
242.01623594216665
245.75032140794502
250.56066777701093
248.79527875078162
261.6380745928503
251.5121917853583
272.74465209593234
249.46087709124046
280.9951030949102
247.36576689358532
200.2852050513021
177.91096978699272
209.85686433909967
173.64609531425208
222.01414796764413
174.4030686536704
234.5921858937872
181.61903139766778
223.8617574742178
185.08142857055466
210.06554312145533
183.38530824070446
181.68546677663008
153.53077697047706
192.31848073430737
142.20968304669188
207.39740943854633
138.6767742897572
222.29591335616095
140.36635582674023
235.55299229591031
145.51281292741828
287.5712348136484
182.25498904013492
300.3704085781121
175.2340819866139
312.045405879622
174.79813730413684
321.39230519986774
179.70412223512974
311.87058072796657
185.72435383543163
299.08385691333206
185.7816729074277
288.0071536049317
145.45498955188
299.9357973158063
141.6693766913841
314.14013836294436
140.27951570019485
328.2420657816921
144.31510573718998
338.7607953112132
155.3099409989311
161.5932783304334
180.76914613420894
163.3483890445182
208.0967066968688
168.10302630555412
233.70324394047458
170.90697956100158
258.1809371571377
177.7795543916427
285.92635951811786
191.2813828588011
307.6699659346781
205.69601578110945
325.0499950403124
226.94113033895974
342.62956367812166
259.38703554763
352.2211426002481
290.87649752152595
343.51844155423953
312.1074140201531
326.34066904476265
326.7837019668134
308.5265134939124
340.1270778190782
285.19821381587826
347.3696513727426
258.59759480210204
350.96559766949997
234.36047838953252
354.57201841034885
208.82404276893175
355.68284955036927
182.09850742468387
