219.0994337000298
206.53468009728533
227.1479101867317
196.5741821059192
242.70268297987175
190.56195117797893
250.90615670025122
190.786688155575
258.6612310816147
188.4450426511529
277.07213267510554
188.0296648806737
290.08592419088706
193.64793373172722
280.71634499358856
214.2989637032494
270.3047392192259
225.83966648990926
257.56784094535277
230.02634012258602
244.82930848485398
230.45877709891084
232.29043307355442
224.37795371593535
220.86846457904596
206.30511986539807
240.9132545889587
197.4264422483833
251.61040763732402
195.2704698071942
263.7224740584575
193.6864641986111
289.040617312202
193.4644389123677
266.5265355258083
217.0716458843634
255.04109021284395
220.51346013372392
244.42052326104834
220.8084899301952
236.34484412763243
132.40021141678164
238.90925272274862
147.12699039722142
241.17015588353416
160.40908246906542
243.40335540608544
170.90525619421754
231.93755015355288
179.10318814682375
238.30309473250878
179.76415180054488
246.81768418697925
180.06157099718348
255.32892176961167
176.59948574361295
261.17227215145203
173.25173606642
190.15766947570407
139.52596394687433
195.89505716891378
135.2172753168171
205.25633422101913
132.9109873781265
215.65963188600392
135.89299768412974
207.8957245470032
140.3357372203171
197.95072080355985
141.27037610110736
173.04210531462422
125.54317471922482
179.2751942962226
117.12246176311297
190.26865400790697
112.12325037656728
200.49119512521335
110.9093795241328
210.26120968764621
112.34977384754426
257.32048234640155
126.88962116210476
266.23956281164675
120.32713915935805
275.13106488653773
118.36107402076817
283.2106147758662
120.26880445480847
276.4120763471427
125.89983436977876
266.3961345901023
127.24034065270789
252.67707822583793
104.14299000082985
261.4147997607434
99.38887689318963
272.0995413406124
95.56373339768687
283.7672521400007
95.89353730170927
294.16682218950723
100.25155176417367
163.6036860057198
149.13902648368125
168.70401377637506
168.61398257936887
176.46143506444366
186.3316793273658
182.90031824136463
203.63118103538392
192.71125605756382
223.7712905702023
206.4275271475429
237.80734952972117
220.073313501967
247.82244809328245
237.65806815015424
258.51574733223686
264.6366642992648
261.76264209539136
288.9736275889195
248.43462352963402
303.2051028514694
232.05957518959994
311.8746537545088
217.2142986310958
319.0800569395435
197.88915236915335
319.9865653103732
176.44005162826363
318.2465621186092
158.23192771755595
318.0614338234979
138.30014053685878
315.1371940331287
117.57587545020885
423.7676958049839
257.4639335641822
426.60156644845426
255.49666470186605
427.8350754243967
253.88996179230344
430.1856519648663
253.91764780297245
432.32724268715384
253.1561952154822
435.7032195835522
252.7124701533512
438.385341589329
253.42299812380605
436.28925884474785
257.4510599827194
433.0965144687894
257.22252864241295
431.12054141887313
258.3943507597645
428.7605416435339
258.33575804584785
425.66220018258286
257.95744842014324
424.16187454860346
257.8437869170001
428.8955326950052
256.60895684241075
430.5388925788133
255.3937863163864
434.17344800196514
254.9266480597036
439.2052560591618
253.50138362463974
431.58610770131395
254.43733710347072
430.26059038415207
255.61625760888796
428.7637491762305
256.15039637894387
428.10929510333983
234.5331353575731
428.0527933516188
239.8493708733646
427.46524557539107
244.56160477837125
427.9998801378594
248.10887374673052
424.56257468466686
250.54324411032198
426.71895815788525
250.6956595962054
428.92601311621047
250.8366946890541
431.57587372268256
249.48928280141575
433.24263884852945
248.60683141256828
415.4568545398791
238.92917627548195
417.6997682960582
238.87646442675884
420.0615268980281
237.47128911908467
423.4451969995751
237.4135532656044
420.8362922439506
238.9033510073156
418.0915546810366
238.9978169989129
410.35167638739466
234.78970188491942
413.03179590038303
231.32614105983663
416.1679986519764
229.94913417755436
420.70762986714374
229.2678083783262
424.5423437481213
230.88340839370701
434.18311933328647
233.06496128151304
437.28921159320527
233.51086410153601
439.86722169515616
233.3496135345845
441.38492515648693
232.29117955203304
440.26917338921237
232.5091391182689
436.6079697489749
234.7475824851836
432.5632665882742
226.2586994513202
434.46794292039164
224.91726491182
438.30319508206344
224.13504092468912
442.0771585595851
226.08030822982116
444.02837512785965
224.95778315411837
403.5420368468643
239.63655706417308
406.9768923475965
246.8201326782497
409.1211645051943
253.31498317013393
411.19055251460514
258.7634623447524
414.9592262213537
264.30615941196777
418.57278869742976
268.4964091007229
422.1481731168582
269.4017866749734
427.59470097478453
271.1379742905905
435.2158961283587
272.67463058238684
441.22881489456717
270.3675855446616
448.19851762664246
268.17086645685254
451.65613597681545
264.98620336636077
455.7124553678069
258.4204608823387
457.30498649107903
252.9563652539758
458.5167648760314
244.9106502080991
458.0921566595851
238.67208828079228
455.90170422719984
230.24666001208857
