137.68534040868695
166.69807563581668
147.2183429398782
158.2342100849795
159.69116491557895
154.54740193729754
165.36487342312893
155.57837226392002
171.15047455676205
154.9541930616815
182.3280179345748
159.18039071521463
188.62678887221347
167.8281790029367
180.89480178548104
175.57695277550465
173.35697064472703
179.2806080745333
164.7333046907765
179.95235222840375
156.24221351768097
179.40204641843587
147.3825265200947
175.7847540044122
138.96841081760002
166.90476898541607
157.29671949967394
160.2328021993818
165.23399816728949
160.13852905611625
173.31534608309275
160.705704175017
187.76003900069935
167.1435095904706
172.3957098322078
172.56875024754186
164.41770565563445
172.74474795444215
156.51362884563164
172.34333373763394
162.74007336137794
114.75730171036494
164.08694890782454
123.22468847093664
165.15458973396335
130.27527670347845
165.51172658004282
137.49707291137807
152.46935473381072
145.38005887627207
158.19844567487274
146.3628623035052
164.67481894824527
147.43274135143162
171.28978040304995
146.40693004945427
176.17969636455587
145.99441857490896
124.46391906736898
118.21730295960722
130.8747324732035
116.03049692246626
137.69099497683624
115.51418269613937
144.890159283513
118.35871267450555
138.86031156289732
120.45174042113861
130.95116772355578
119.9004338268623
111.81282243803375
107.91909763413564
119.54104769909362
101.24449963474441
129.33803062919412
98.29639955925137
138.57013442514597
97.9395737916671
146.8401020151831
100.48191307053277
177.68610644251044
118.05441885078497
185.0303258007482
115.32527450236756
191.91145416634413
115.3048969089588
197.35757616392036
118.41924350697445
192.0331811668793
120.12969098503865
184.32880446102632
119.95422506020631
177.28036554691377
100.05490776493795
184.51411183592592
98.16189008597759
192.63239977573352
97.8147591855728
201.0869649622415
100.88061667596692
208.1076515397889
107.00069892401908
95.0580797171138
132.34833677204676
97.44084977076712
147.2596278236637
100.94625172013214
161.68803860000963
104.19798526677431
174.81908208421487
110.12771972581439
188.59961611991994
120.05910905943746
196.7980559460991
130.60136919778716
201.29874916289333
144.6149111520469
205.09664806173933
164.8659780519688
208.3203848161809
183.44078489592988
205.13801627510742
194.36129384540163
199.65933890607076
202.3695503558949
193.86247121385767
210.24872971590156
183.2647267133632
214.5071636957519
169.59462608709927
216.08308474116467
156.5548201568551
217.29570175459463
142.96603417888187
217.0131783942336
128.95589215655286
