156.5849032806754
262.1686358731406
173.08645565903774
251.9684086162689
194.0796663642814
248.47198975458122
204.16723873827047
251.22655959261547
214.6174139489578
250.15103158926703
234.88594230112727
256.19941609088414
247.43704093932604
267.91738159956753
232.9363165934826
286.23282360177126
217.82965376771168
294.31690980473115
201.83887863732372
296.0969975621873
187.22307366059007
293.6291202247958
171.33111469773996
284.22350180927936
159.3399106577721
263.01900366915834
190.41595893408814
257.1623015085472
203.9113766339916
258.1159645800559
218.27103707960575
258.94592574833626
245.48671747125152
266.8662715696415
216.53602254416248
282.0189237042365
202.30837172653352
282.73654220052765
188.48719958596388
280.6296484855783
207.12966370980396
174.28077358111508
206.84255190627516
192.41132191378756
206.11387404407307
206.92630754490432
205.75022456673005
221.26831795180794
184.37136001058857
229.83893914823074
193.77629009740028
232.8371451269145
204.6965398643223
235.49574883040572
216.7533250780218
233.7728946032845
225.99926546689517
232.6749917885682
140.97098523576636
168.7888695702681
152.0893158980404
165.88050336406474
164.7101988858933
166.61241149833359
177.6565123542128
174.34115308115784
165.9193429507314
177.13090654466325
151.62893522777722
174.41708435598264
120.36394339507109
146.01378119965406
133.5922932904596
137.13972622635043
150.69686850695334
134.9484606966973
166.65275561585014
137.44344351539712
181.08672754724049
143.92084596797633
234.85128686644606
176.94307934429227
249.25439120548847
170.76182682711053
261.7454658333789
171.23015455994064
272.79986834960624
177.5230437022855
261.8752160466389
181.3090729749507
247.82119128263102
180.9022025570086
234.03555508395166
146.04425055671499
247.66931209573943
142.45489437640458
263.65940607904116
141.50901656458996
279.9446693375018
145.90670576195214
293.3274984080502
155.45474413184326
96.52291902222831
174.02862114113734
98.1070677847376
202.1261575981627
103.06072242954403
229.36318230322067
106.73845152170803
253.633192053987
115.73036558076672
279.8113339658289
131.32482109368675
298.6407530646866
148.1627023058958
312.20112589759043
170.6310533198324
327.0192992826342
204.1884705913494
336.6858676065467
236.4868539272959
330.3917288238016
260.36145802082393
317.1612860493918
277.24003361810094
303.29989983685743
294.376996547879
282.473192982563
304.16760540560387
257.084736328899
308.22548102527315
233.74350306106882
312.625525069053
207.62399427681024
314.2024802537977
181.337127401938
