178.80227769224484
197.51156919122928
185.10069198460545
196.80972703517375
196.52096011491696
196.81256482338915
203.1758589886344
198.50655580649826
210.18649632558353
197.85201012069922
226.74135559612495
198.44588520564253
241.24102764607255
200.29018530779047
226.8564515843106
212.00676662013217
215.07501383220722
217.90282889304444
204.84870427440507
218.94533675387407
195.26864929111497
217.36750777484247
186.66837337411587
211.27368069679432
180.64557221022457
198.14699024489687
195.1172163812509
200.85177703966957
203.55817185392024
201.94940167821397
213.9847802138596
201.87455150191897
239.7725412078213
199.9565344656346
213.90596300827767
210.4946750519382
204.17385012007065
210.66967199188718
195.8489741549337
209.2259308474421
202.2993300740619
148.2826400851673
200.37178719194003
161.88871538425548
198.06368046169575
174.02887639170407
197.77892496373215
183.6877428162078
190.5042296394074
184.82631870548414
194.94762954531626
187.64379285275703
201.7996005025259
189.88475580733527
209.74969745747165
187.8737192576673
216.23478662880152
185.95159070644377
167.29794530486103
141.87533106569543
171.888110037429
140.0694558335167
180.0606446696599
140.0567888085619
188.66453489913528
145.144795569961
180.99656749394651
147.3040339701911
172.50627132656075
145.95076020286334
155.6366446832108
126.74677068200393
160.796233203094
123.25537568599276
169.6399035113409
122.89185548388332
178.0095174944483
124.37398403574697
185.78934932425477
128.59732234729967
224.20382723224895
145.7581558640862
232.50505997368046
141.39864352215494
240.84469357394173
141.3041137996963
249.34056624757437
144.0957223971215
241.47505680137309
148.2627427879277
231.77862192533138
148.0272812911518
219.8946849845575
128.937161534549
229.46560728819907
125.81865706114067
240.83528473368847
124.28115534723095
252.76063607532996
125.90701014555297
264.20765786984254
129.94023537794996
149.30440677292117
139.7803105015903
148.71868466500246
157.24902530847118
151.24403410396258
172.67971413931542
154.15705004800247
187.3700071666169
160.19746614029273
204.415786165981
168.98940720683822
218.45661904874066
177.34601741690767
229.61986912163218
188.0276794750307
241.15052379485866
208.74877514768667
249.06209939224738
231.54131760215688
244.18481245429746
250.80166902334057
234.31520045084096
265.6564933008501
223.81725718143656
278.70045012928574
209.15325349908755
285.3711725211634
192.26929398746438
288.12468754749585
175.91245597825912
291.07292002479574
158.08869687136422
292.4738294785709
138.41481457709725
