176.88861595785312
205.50170364716155
187.63776937717347
202.9663141421961
200.1148295095192
201.16605618650362
206.33930148633982
202.73045901530327
212.25463038600594
201.47282464985443
225.20269451374753
203.0777320434441
235.0965894953774
205.09509001535986
224.69391631625797
212.49057207399224
215.92862881195148
217.0576438425175
206.54029628371066
218.06055669412717
197.1904987292383
217.56126003969663
188.01303484350922
213.7615191285679
179.106783362071
205.56948101581614
197.54111195598458
207.09183152797445
205.657563737027
207.28209372941558
214.73007350489777
206.78352542879745
233.9212458177205
204.43014344873248
214.5943647874203
208.57609520535897
206.33227648832155
209.06166441363064
198.17901091198058
208.6555161189869
206.25616694757974
138.97625380379753
206.28639278390725
153.5951797389691
205.86840000627598
167.15491231648474
205.98077839239323
178.00578073136728
193.53980365693403
184.47929837181894
198.8665434753269
186.387190835345
205.7873373563324
188.1637469440587
213.02977578946036
186.26423054937533
218.5455107158288
184.60969393629023
160.75692200623433
135.63936909542232
167.71188586607985
132.38262859647486
176.52777278007562
132.33188408520417
185.65853823427767
137.72393793858305
177.81718904460072
140.75176290390593
167.80169469251166
139.60967883598798
146.53651311452813
119.06166709010793
154.97932785073994
113.0627187450562
166.20937259945657
111.39010100147871
176.88533546722707
112.72517353962172
186.3972151572363
116.35579727092582
226.20061112932075
137.73208386785305
235.84610606581586
132.73455499619493
244.6767443965412
132.68966766349902
251.6932282467127
136.64676334618332
244.45331492807975
140.87019121059836
234.55249206821992
140.55549178351242
226.57675606929473
116.7423571473265
235.76866922130102
113.87570069504913
246.26717804926886
112.2298006384549
256.8796623443166
114.23680612310996
265.94133786025134
120.07562158319318
130.63266353507933
136.6509463225921
131.92613185299285
157.22896219913326
135.90858947091718
176.09453986350923
138.6996880883215
193.39639247277205
144.56585009517536
212.93413954574845
155.02987060721935
227.63953220608045
166.50836126319297
238.75766094800326
181.4400916708281
249.0140560856214
205.51814288542005
255.06266020473467
228.705578663847
249.15318177981644
244.02014988130304
239.49883176430416
254.75464900368206
229.2067574059032
264.8344420511504
213.85448539990156
270.63362647513185
195.36061096445758
273.64711322104563
178.6435505963692
277.5650981373033
159.83122874651298
278.82829205899526
139.62785480421635
