155.31744398700653
254.2805247494632
166.70586188873827
244.1164759198025
184.41162783223484
237.24385169828446
193.73545771769244
237.72163599473052
202.66669548908982
235.02919759980284
222.39178468531435
235.34595649254163
236.6064984645779
240.7354057893173
224.9643417811672
259.0677931748555
212.94255349036104
269.4820861632535
199.2164585731408
273.60391460818835
185.40365631417697
274.3811554311866
171.34190755668715
269.59264328391185
158.04540428378115
254.23999404812116
182.14685043307622
245.56976493931342
194.10132687090504
243.4083104346812
207.52812721355883
241.60424307094405
234.8809531635696
240.61858128584012
209.65163250314424
259.121443922721
196.90317628376982
262.2567326612233
185.03807819030567
263.16944162258187
181.23299243220038
170.43167916999317
183.72575574999456
186.41293836716687
185.68818600016272
201.1507256457151
187.72059910592935
213.46469406921693
172.67785511219103
223.67029784176984
180.4225145206638
224.6557523398934
190.38463642472274
225.08460471561574
200.1333950177155
221.3923602475105
207.13324566868056
218.08407223384557
125.83911111227428
177.5470852189545
133.45386472378027
172.85748554138098
144.6985852714282
170.8237929767794
156.57263413396618
174.7475221318967
147.1768553280269
179.7115209980988
135.22324551090324
180.2031142654443
106.50844751495998
159.78978507712748
114.89935697768827
149.87061533141755
128.19126198700212
145.11100142787953
141.26708417773858
144.35220609779807
153.27728303344333
147.0476257672378
206.44646816182296
166.21261179289002
216.78358460577306
159.31057720686022
227.53003058456602
157.015465276608
237.11325168824197
159.52679276909623
228.82600364321627
165.9408677066132
216.91685017480188
167.28803798551647
201.105950403067
139.0876045299758
212.13548385577673
133.05714463304912
224.98057475109164
128.96396523022378
238.68108495555452
129.782053019626
250.83102963362046
136.06596392681013
93.92554576161389
186.48976867678067
98.74254458140388
209.32854453260757
106.12726698473705
230.1534786005431
112.68844264228079
250.42312133139467
123.05712930244047
272.45154531744413
139.0635652212588
287.57152101442347
154.99014592249085
298.2026117976053
174.99627245260587
308.40265540174306
204.92199179904162
311.5367126117147
231.9649814450131
299.61599197671535
248.95076020015335
284.24902774592596
260.7054740981315
269.5523198695502
270.5595206394786
249.3429244898813
274.1476795939168
226.3259367010025
274.06284130727596
205.38566571850782
274.7069215761093
182.54823722805344
272.56445410811017
158.46326728781452
