211.55839405182263
277.3935616204527
227.03184028203776
270.6437434976967
248.70170746204326
266.43889791600577
259.7521985904924
268.1218132774761
270.00471667492536
265.61473597488396
293.19668743454974
265.79669471506537
309.9754036782257
269.41963070206
293.4178655712502
291.4338524670225
278.8182248890629
302.8109913845742
262.65224499991655
306.7662071574549
246.26364384749098
305.9994690317065
229.94346208570408
298.32265246179895
214.85157092750643
277.92128116412255
244.8323129296752
274.4361791328
259.44408347052706
273.5484058272079
275.54755319260454
272.27748044292935
308.29262694257096
269.4938112963223
276.25772337740864
291.21629432106465
261.0988179781358
294.1258142965863
246.95515972241404
293.4139801698371
251.54944433068937
187.90449492735127
252.825646736693
207.21034105886764
253.32218861542435
225.48204055140698
255.04528175044743
239.8601407809063
236.9138849874974
246.58732255323358
245.41753873437204
249.180241600309
256.9154446746508
251.2294612682079
268.62647002899826
247.41233843212672
277.02106138353497
243.84287854818587
190.33214018442223
185.81838794752915
199.81510342533565
182.4049781917994
212.14517691414392
180.46347367441027
225.01472909510275
186.2882882046445
214.00654436162
190.98354254894127
200.59999718530662
190.28506694872064
169.5572849177491
167.46669653421435
180.46187215138548
162.87299428954532
195.74393701104972
160.48787784933984
210.38440298460947
161.20347770167058
223.8179138417363
165.27557970673985
279.6885821241078
182.42861196954297
292.1265255269759
175.42738966727978
304.4533937556987
174.92078758472434
314.93950086540934
177.70198591138663
305.156667314537
184.45012765630483
291.89659748596637
184.71571630215203
275.80619185712806
161.68042819501642
288.4906212796459
156.8933632911999
303.4551147425525
153.57334860452244
319.0643060160063
154.53654753864788
333.2909212637969
157.06934271710992
152.42886112702772
183.92722026196088
155.9934844156214
211.98036745432566
161.77674392246897
236.89022920628156
166.04381097211817
261.40940042889804
175.00557385831127
289.6089734508222
190.73151407198569
311.7390227751216
207.10170016972614
329.62588331190176
229.26646102600202
347.7294760548282
264.97572436411633
356.53757818494057
298.79339055063144
343.84806290375366
320.435883898059
323.5084411062265
335.36268897105117
303.35231793666503
348.55231903177287
277.2808418346441
354.1148884065657
248.49797331901783
355.29474312493033
223.23222250164707
357.898037137346
197.22311535463407
357.17738529633834
168.61446764307328
