330.20609075402956
258.4511968212126
341.55410365313867
251.50738209500605
358.82717277773094
246.50121448883525
368.5457185526558
247.29056231472757
377.75381362553776
244.35115790470246
399.64546468113764
242.89762882949535
417.10301316400273
245.12787865682105
402.45881573940017
265.88741080094474
389.2399064149216
276.5886151736564
374.73223050192865
281.15266532679965
360.83684030971864
281.79668855699583
346.4623177996074
275.8908561003604
332.9678330865787
258.6965470932372
356.959889528702
253.8275361213641
369.417920469918
252.25419140442975
383.9296054377028
250.1264162262609
415.62477789197305
245.3093291407128
385.83554024789856
265.88459377439654
372.2575126140906
269.8127178791805
360.1715822818903
270.1114076287605
355.6241956342546
171.4905003355127
357.2126547779194
190.29430825959045
357.66883242943425
207.4796282624016
359.99598819552284
221.19747170266012
347.4383969657151
229.2990277165158
354.733249186516
231.0642629026649
364.9102222079643
232.00795264038993
375.0751492136823
228.04175620946876
382.751848193941
224.29092782831577
304.70977160265454
176.46913469225538
311.5825357052408
171.75947682516997
322.53965319457814
169.38699193000815
334.540702159807
173.7739056135338
325.40216858621244
178.79598446513245
313.60363972581956
179.14937265984875
284.445262670811
160.46617664756525
291.4076241209663
151.43685629732468
303.7745841670448
146.08578342688477
316.97406088659596
144.38793392227302
328.6576279015088
146.52427696636292
382.1555044355513
166.40742011882506
392.6571669086419
159.12927105586118
403.0696750410017
157.4125517201504
413.2467800219338
160.58688057278945
404.88464578040396
166.41011682011867
392.69895407849384
167.69914357743804
375.12595989870835
139.34056376385718
386.3392484487007
134.52324841422325
400.17851815761026
131.5631268265436
415.03295845874027
132.87379266530618
429.03662454925393
138.63964438313968
276.12347504143565
185.31086797062113
280.56491079119553
208.89527611628756
288.6301754679593
230.739497962624
295.1716207257914
252.0333025488636
305.32671046618566
276.1126226224893
321.05322386698657
293.7612939467815
334.22297514187835
307.98403631112865
353.05679820233433
322.1225368413643
384.2740825281216
326.6377349411521
413.9020154127826
313.4632378827953
433.2392576199334
294.6531730454799
446.6368903556796
275.9982994747354
456.9004099471086
252.41599348204582
460.4748530373216
226.50563446393346
460.2772028658143
203.73803661402593
460.2869427324715
179.60661570517135
458.6603221628652
153.8310032772872
