127.0028160308562
226.01009237166483
145.5017496180737
216.54546953498118
166.9729301411024
213.41785033349095
176.80080529504463
216.2722142678225
186.92008160620767
215.76348217682164
206.70031696604457
222.30256525910252
219.06151553089552
234.5544270454604
203.672325605403
247.16232204004336
189.03230485535695
252.36890042525323
173.72814722485955
252.58675391350397
159.15706049780314
250.2596590452738
143.64748551274783
243.0342015298471
129.71496873246747
226.57245400108
162.11204878640424
221.92938204659794
175.947217822851
223.2081141050906
189.88414402890893
224.4385113312398
217.34204060933922
233.34377764195392
188.8841172058913
241.15713466223116
174.8600855011393
240.9320160887272
160.86029016649462
238.84645228205017
182.55341952282987
141.86832143185572
182.57033005747863
157.50535794770744
181.7935130088232
169.47521884534052
181.08187810332907
181.75607492648152
158.51662621486497
194.7841395220587
167.60853726318933
197.18427051249313
177.80177588989537
199.61024759410094
189.32292469327336
199.01747167596682
197.96507431228397
198.62542125721387
118.58609637076597
141.64432289232832
129.01870493051732
137.9210162347502
140.69309288341844
138.74504752188625
152.57049234628658
145.66824721959244
141.90440855952943
148.21304422013063
128.8135970093473
145.9191513418927
100.40385238439552
117.6161418042892
113.00400314721813
105.58966862419682
129.34560583316505
101.99080917157987
144.85272855862127
103.0547174997315
158.13159051446536
108.86559979405779
208.26504425031166
149.6907295375109
222.01047760426724
145.47586556054748
233.48239555563023
146.47169685043738
242.6728147229928
153.3436144028054
232.73557807393175
155.96436181542776
219.3835428576838
154.33615714084775
210.5327268335423
112.37984605567874
223.59537994542546
110.15957133204314
237.7639634573353
111.22254962200023
252.19647817745508
118.3242151757764
262.5583966797405
132.41476409055198
73.42105209191334
154.73884100256214
73.87284030991782
180.65180398340934
76.49462299059269
205.24150323547343
78.75692530079121
228.33181547988966
85.15129277133056
252.7829662538643
99.12394306202164
269.3372445502649
115.25455859242845
280.0361613406427
137.3769339444596
289.76337297840877
169.41277372552634
297.79824905267816
200.08393490760375
295.3378508777572
220.8298963994095
287.3907722580019
235.63028100273507
278.5629451514636
250.9714932814336
261.54142280393967
261.1175355806501
238.92606000409705
266.18952012840884
217.13732080590125
271.65790431773786
193.93430617456897
274.8202825987447
170.94568861213978
