203.4833963667736
237.0518188984345
209.34915930436415
232.2897001832867
223.98619008122722
230.39405748144162
233.30573939097795
232.40589288248094
242.87008572765544
231.2539377401038
266.36157387357775
232.2915529411349
287.50627501937265
237.18974904958037
267.9145820491327
255.36823018987937
251.50556168545944
264.68462831302395
237.44593042641088
266.90509368857624
224.4355199918053
264.93751205779677
213.23177934533769
256.8386826670679
206.0647711800102
237.82178729693408
222.45523131746592
236.5832599789233
233.89903789177413
237.1367979383388
248.37722824194958
237.0073881130936
285.5387603125659
236.58931389469487
249.88464356262682
255.16121695310653
236.30291556258464
256.0735644817888
225.07808417440134
254.27715643437438
231.30640181768635
167.84919498724867
228.01279738780994
184.32165198051197
224.21462124039408
198.93706736060216
223.53294456364227
211.24061857829673
215.76353364434297
215.9363625385575
221.60029058694408
219.09758046279615
230.51459013431295
221.57629904057947
241.16719508802467
219.02927624352577
249.85692305706016
216.59241583190556
188.85349336419168
164.36752961205582
194.12620991876634
161.92876038781174
204.53944615923965
161.5599701182257
215.57870952346371
166.89948547546172
205.80501205222345
169.6946775156299
195.2115707376103
168.44076168657412
174.22247917583755
144.83236358715226
179.74451220199234
137.5797857689712
190.47760186634224
135.4521264501565
201.23135585097702
136.2880713196108
211.03282051626184
141.1048331151498
261.18850298094026
166.9830837977339
271.446372417476
162.34867851330466
281.99700973562017
162.00332799069957
292.85042494501806
165.31407940464624
282.5650653327395
170.18432483179558
270.27754193797836
169.40657367023294
253.9881125539686
140.86709301055987
266.5131184474641
137.26431834229692
281.63413443571136
135.87788902357505
297.2918687147625
138.94960812284023
312.1461876674184
146.83053342393535
170.4545641653233
169.0470147371231
169.20206170843463
190.06602738034718
172.38139531069555
208.9758994324846
176.68979715031531
228.23210149067552
184.22420939790055
250.46893658793147
194.9223791934033
268.98544572698324
204.27075085679738
283.3563088721148
216.38590350399753
298.43463049012837
242.23671606262553
308.1945576003252
271.43405910959126
301.7954034157254
296.2307578913003
289.05576964538767
315.10901356960744
275.67491644549295
331.2611103523805
257.1003345588549
340.1644412200259
235.12570600063987
344.11565597261847
213.62437446560514
348.2487565845525
189.94598165288897
350.91682256341267
165.19042847003755
