138.3533483160922
286.02989712117
154.8566480883048
265.31816474471657
182.2722256045312
257.8182859721463
196.7118149755968
260.26868704282117
210.41918824373013
259.003937055818
239.0697908392089
268.8444773939609
256.25219009760923
289.82429312889917
238.81010960179077
323.2924032048412
218.29470638260597
339.6183671965896
196.18393495617326
343.67827614053886
174.2995016962742
338.5484873475393
154.09856773412568
323.73041192157257
140.94101991071625
287.1007846925855
176.6863783151725
269.5700374968988
195.24544696414418
268.5849377685722
217.01817007718302
271.68441427513415
255.32710165743092
289.6128028742566
216.65975331182148
326.0757615868441
197.09277207236624
329.01065804509676
177.5348560688354
324.77772755244575
198.25032715628126
169.77996151584074
197.95525372694155
190.94574219000478
196.45717627566165
207.7671331662924
195.9092488647094
222.3173004898378
170.9057606547961
236.37280027178582
182.78487413901092
238.49220835951115
195.82746343935383
241.35131387263095
211.37540066058227
239.35655666007824
222.70800317695802
238.0647807276144
124.44867868672267
168.81701342370843
136.42420945365228
164.76046355430984
150.86880359038452
164.04152301893748
165.86652820577143
171.32915209392326
152.10088246796147
175.14033982323764
136.64776194873
173.28117603632305
102.47441932606216
144.94313589331574
116.8500798979525
136.13181234632046
135.81502559953165
131.86561971328214
152.90574321669223
133.38073759168358
168.50048916133454
140.84904471464577
232.80646825176564
173.04854551901937
249.62550263686234
166.51705142771831
263.81724279198204
167.3048383867068
276.3485150143716
171.7673141597101
264.3212321375631
176.39146365130284
247.4418572758445
176.63437585766584
229.5520485549009
139.89170846771384
245.19909902223625
134.82846129853684
264.03208888339066
133.81365566744506
282.51436742971924
140.85531011891632
296.9777247162242
149.07513897480806
79.8553549277228
177.48845707384555
84.64768009547183
208.89503007470103
87.15969474194338
237.30114624487857
90.86468971459084
264.5832284423808
99.58608407327836
295.6063411762729
114.19170418459504
320.94711195825744
132.95816371272292
337.2249535558999
158.32193839290716
357.935736628676
200.08232635001858
371.5488974086568
237.6098912513065
361.0011258308849
264.7368732046975
341.5900125157667
281.0549211036131
324.4554754656638
301.088261516609
298.73286553530346
309.73243611824245
268.26128363328223
314.5201082703647
240.65138496898163
319.73896459204997
212.89493572390546
323.40230197273854
183.13506139346876
