388.3824457728929
534.1284876857759
414.26340832196377
501.2811131686732
453.4116694915321
486.5819572675108
471.7557656481548
490.50704910899105
490.8285753352213
488.90700012525826
527.6056618584246
505.3872722195264
549.3381873888679
540.2738119581908
526.2429687731127
572.653665865437
499.902273379386
587.1709442222889
471.3017238713811
590.164129560789
443.06991771179923
586.5846668948493
414.5341463446274
571.9028265718298
392.4696193244388
535.0717175532805
445.38100495499174
506.24592870905747
470.7589365823851
504.68360294913583
497.511105646566
507.8229684454797
545.9438776955017
538.1869649229253
497.78576388225997
566.1093582592138
471.4239534100731
567.793639427262
445.6819556539412
564.681462800539
473.57095946098025
365.50890259615846
475.12517522979016
388.7619274441247
475.4238684267532
407.68775839352236
474.50910699307803
427.2325786123189
435.50829990535584
457.78494597587866
452.2843243678027
459.88163431571667
471.65862547285724
462.7828253141821
492.7939808969901
461.5022188927395
508.63264186994525
461.4998518617373
359.54911671873924
376.88798830986576
377.7071649721305
368.2753220997192
399.55613434755213
368.12558073307025
421.42013571224885
378.7456438365295
402.0515391930523
383.86814948956356
378.07174478395586
381.29963830108795
324.5675553533296
341.02504828275937
346.4931108215913
317.3292033798721
375.71945475001644
308.1832821364099
402.6969549555884
307.41757559571346
427.0408966012792
315.45377779445084
521.0563917541608
380.29186952071484
545.167134796448
370.7192656161242
566.5025562648898
370.8290393444305
583.3087258137426
382.6511330361282
565.8898945581213
387.98329152969336
542.0438334852646
385.6620551136928
521.125603791111
315.15495479107756
544.1150036909978
310.4291867245326
569.9099783949438
310.7295411010037
596.1381771926746
322.51733150219644
616.5200136004646
346.29972097610465
284.73280743074395
422.267571150502
290.71978042719763
464.7466400488379
299.10254768374597
506.0291641132177
305.88888253254
545.3065890103253
319.89797332522903
586.4573803358167
346.40550081935027
612.3248069192578
374.9621777363549
627.694365709157
413.8088934160312
644.1699463906277
472.4848711999016
656.2293296091534
526.7437016388758
648.6831281508555
562.9663348598237
632.5540936028813
587.6564042801452
616.2459110598603
612.1001761783511
585.3926002276544
626.3753210150312
545.7068944695583
632.223305562088
506.12376005489455
639.6401323279507
465.3509366663398
642.9762336168037
425.53743255872405
