120.1667980112636
256.4843425206941
129.6528666567337
253.99358703658436
142.1234054898179
252.59286479078207
148.48676271445268
254.00925280294177
154.86512012115892
252.7757395751135
169.0467006122691
252.8143326512929
179.91141132855495
254.45024412590377
168.52229060819266
265.7578680039587
158.83351734596982
271.6350461257733
149.1379869262572
273.2606734855283
139.89106201908137
272.6002416365253
130.3254590524325
267.9218908927923
122.02317162200079
256.87286274151535
139.92471134934814
257.1858831836504
148.28252674488067
257.07268419898287
158.0914328668874
256.43646978173706
178.88416166308437
254.13644039545085
157.63802102916537
264.74245910445273
148.57057269399817
265.7802792650065
140.4622010270098
265.1528837527044
146.4940481631017
201.79402791774967
146.32154101531017
214.7054991327445
145.9046441086752
226.4474333451678
146.1482302863363
236.0452632299232
135.1768555395187
239.43151999480773
140.4539276786099
241.41245615070625
147.347385677204
243.06994030710698
154.8069489299047
240.92578529607727
160.39501204055426
238.9423794781883
108.62323808478955
200.73242804538097
114.40130013236444
198.5076980081231
121.98897140903665
197.5182459011979
129.9997307052271
201.26600404751542
123.16938668025443
203.9399384161271
114.77782592903084
203.36736387091926
95.50785820363268
188.98244900117527
102.38495397532103
184.42945894513937
112.19845162880078
182.30320437596222
121.50845007784046
182.23808086369866
129.91153387998148
184.89035961411034
165.04897014731574
199.3553311575192
173.26704833459564
195.1611977329489
180.9699450664724
194.97993099345828
187.82392650773494
197.29895512145293
181.17954329789683
201.14139209129866
172.40328448100092
201.2119986217873
163.04588990410878
182.66206561500616
171.55889754723842
180.04025447637054
181.52306161844842
178.68530967327496
191.76580049955695
180.61637224932215
200.9094626978096
184.15700131892424
82.90627372668851
200.41855520125293
84.52495914240524
217.93537468875505
87.4285557068699
233.9587167708838
89.92218056668185
248.94694334094459
95.56241075258126
266.1304275734087
105.35933643941266
279.223312970401
115.44315577026984
289.3621324508406
129.10224676578983
299.4726982608967
151.37870987875738
304.6011541175491
172.96203115522343
298.4032977583977
188.00309984156155
287.6323093144952
198.67743762716424
277.0998275558065
208.43513692816418
262.07104047361497
213.38451977980617
245.38567232037738
215.35889347511358
230.03052585675528
217.57847567235603
213.14179762588475
218.42482354636235
194.97528425070197
