211.7061428006661
213.1118727837939
220.4124376141885
201.15020693155031
236.99294195977075
193.19153543884408
246.8764227501873
193.5163745122009
256.35286027359757
190.5073106016104
279.61311685895174
190.59491867462248
299.32495987369055
196.58488723786257
284.0358067702949
214.53231657331963
269.81006234226425
225.32749591316485
255.50477148689643
229.73889355617024
240.92346519767227
231.04456418701756
227.01766617177393
227.1949679225043
214.59438753245698
212.76158827411058
236.13379620581392
202.3675440123202
248.18963852160886
199.77687884698594
262.9200891661469
197.75658643732248
297.5327889805545
196.2711452766523
265.93041085283306
214.69725512758583
252.27401710337932
218.0031466359573
240.08902442193215
219.3148360394943
232.1304674109636
120.77931175334862
233.24817022942568
136.48739490971082
233.60468121625453
151.07599306317212
235.25500978633707
163.8461157787209
225.05883020265378
178.23094892016337
232.40802777194907
178.78047092758777
242.08116292338195
179.00227882291517
252.88064694286035
174.82834057118242
261.2532305685756
171.2656839207457
180.57441667733082
133.00234415311775
186.76110161349612
126.5344474209875
198.43122134945867
123.56971821994152
211.55603546386817
128.0676155682204
201.61433932517485
133.49716653329648
189.21423805675641
134.83356246133417
161.17864981897728
117.65703983367412
167.03771667679743
106.48244606476078
179.13583318694975
100.14275053439685
191.84115455430378
97.61382481079349
203.69237023266248
99.41634647065021
262.5005894911671
116.52105022753823
272.72281114246584
107.9353751050983
284.3977492498108
105.09584443685401
296.14674686841107
108.91547782683335
286.5793526262663
115.19804203830694
273.2688147159978
117.15885204599813
252.50332447129708
89.0424711430125
264.627947219996
82.66174249548905
279.6599080599825
78.2779448885202
296.23104585184933
79.40103544526171
312.0014264361448
86.05895678814207
156.67549899428332
150.5577001564557
160.58878902037495
172.85973168503955
168.24291571578328
194.01681933963556
175.69088123851282
215.4061671332031
186.41963461438394
238.78686886238592
201.90690557029308
254.53966290158576
216.24450133688478
264.6131537786086
234.63669253848485
273.62547323054207
266.00283537394284
276.031934395099
295.8305702571228
264.2479835543267
317.6189477476905
249.4704859513045
333.31050240878085
234.41851619192016
346.20147136482615
213.0385055568779
350.28003741807055
188.09818935448078
349.8706525126355
164.53842913777987
349.87357609670937
139.06010451767952
347.61433840003605
112.34563751084414
