171.4606973086216
216.29624619767048
183.04116441279638
210.15050193679176
199.05605969718079
206.42134096021746
206.98397040998785
207.7533557879778
214.5205379500601
205.9879165426039
230.93743804837365
207.17975557616745
241.49380232387225
211.80860595835412
231.61586114549138
230.45577919832493
221.28468859192512
239.90753885810778
208.85247884150593
242.6078676873908
196.9694914395378
241.99626593629284
184.61570840798885
234.59551195150652
173.70379921510684
216.50068090321153
196.39347922866295
213.17572399422303
206.79146956071588
212.44454722667655
218.12683959247724
211.68074537805182
240.2117505293226
211.60830864750727
218.7534810230813
230.19832334879908
207.85374794334592
232.46770588749888
197.5754612330554
231.6653422273884
200.77980029781298
146.21875184559022
202.44034940539024
161.50515385375087
203.74039385078396
175.51184567619026
204.92664171840465
186.52355397820168
190.55621559039042
192.23955868861634
196.87697590788383
194.0761309542275
205.29845363333192
195.44749412944412
213.793881033074
192.7925904460745
219.81213915403248
190.3117805738218
152.58988201480844
145.28707305235523
159.27127370329413
142.07305542583765
168.89567658909698
141.35585852708212
179.04927579781383
146.30857317597616
170.78848294313315
149.92912754182768
160.14476802837584
149.13395045010526
135.82226400134994
127.2953859608508
143.9644785291651
119.94433997195434
155.8401620733711
117.53595201535634
167.1428714012361
118.31841119754186
177.06210155001466
121.7962362209088
221.94030410346585
142.11465024931934
232.1018075283483
135.83630733700087
241.71829413048
134.58626733523576
249.42641333010906
137.77645723163295
242.226058563455
143.29463737099846
231.5920881594667
143.99936821334467
220.46736850539412
117.94729955346884
230.01053294352275
113.30064840771666
241.27217051609082
109.97832046827344
252.85954626721949
110.82274494749198
262.5152643300447
116.92089300768937
121.64719721299583
145.43808257146088
124.99079529233458
166.88456426664771
130.46548016589924
186.3317684949809
134.63394353964307
204.60868800768213
142.20699114913288
225.31941917478167
154.7955263839228
241.1360433972556
167.95190111142244
253.87698874106667
185.29875939350276
267.7546186303173
211.85803592032863
274.32272193289566
235.94942308017443
263.98272612416696
251.03829418761646
248.29866014888768
261.15081560728356
233.6447300312069
270.44738056855203
214.52465473258204
275.1446209193905
193.3921786683078
276.19398707103244
175.06749056347962
278.38835435616716
154.88738026591136
277.2480233473403
133.68835032917337
