353.84617212954254
642.5237944213798
394.5282678737259
601.7485741169456
445.17137667672904
581.0400627215106
470.6388650617215
584.2826355283005
494.10801252678925
578.5360490099879
541.1019276887657
590.5723633801724
569.0284648167141
620.5879486725846
541.0144953619994
657.4140680429912
510.60160871795716
676.7743931083925
474.12489438056025
685.5961834113589
437.6147380513342
686.2459214979822
397.5333320794439
675.9663470122109
361.0733678432633
640.9889339182085
437.7766508455424
603.9880582033095
471.1331604030909
600.2358755808434
506.23694854678024
599.0476709505895
564.5472670169178
619.31510725924
504.3144269381826
651.3374182703351
469.74585619026794
656.822014555549
435.3764239176315
657.9950116901709
436.739279676898
388.56218117263074
447.4301227323325
425.0926633651436
455.7965581711832
459.4367434223649
460.88073050946804
491.40542420455654
406.0698880076253
534.3066495126736
432.72830713383865
536.2659924840553
462.4929896003128
537.988912283306
490.6828132888233
531.8616766665458
510.71002596735957
525.0426009970766
274.19794192252283
411.13004697708516
301.61065405155836
399.34630833250424
332.4643113868623
394.45053358120174
364.33613039158774
403.2211825480509
339.0116654599009
417.28996283825387
303.8576852231661
418.01233330913857
221.3521111318205
371.1496708157934
253.1892548075508
345.1654353462612
294.5391717027511
331.0359224649869
334.21291426423744
326.8720733686131
371.3121182450153
335.75349970698846
502.145179685777
389.6991001831276
531.6849654848331
372.4217619542111
560.5980559243906
367.72314358247564
586.4987476221629
380.69320395581155
563.9516852250999
390.52686263868407
530.9767752801461
393.1613015463791
490.3696693461869
320.5767473115179
518.1807166363825
308.79854915870425
556.1734097260945
302.3205762455667
591.5178696108063
307.8510817814106
621.2687270589003
327.71402251305017
165.89879086370306
453.43021549863823
182.8966946769241
516.579831674956
201.7101435049359
574.8694265859069
223.92181095609592
629.3279590085281
253.30171769391075
684.6226151236303
297.8810133562101
724.5397517656099
345.01482315154306
746.085165985181
405.7109177672214
763.1767750988004
485.8999972459244
766.3638275610059
553.903196181561
744.8173456425005
590.7102265896875
714.1102665781151
616.736245717239
677.1027538157866
640.8570608907953
627.5845220757017
652.3889598538758
572.0886768533005
656.8940822117952
519.0376457650236
660.6583291110468
463.8433244930189
652.3991467095243
406.21613577226327
