223.5372305341666
148.84948098770857
235.97038976339306
144.48044046733057
250.57337715558793
144.81078117000573
257.3489768913165
147.8407267232016
264.28883814591336
148.48215174505833
276.9175896637617
154.75551983837076
284.0778196026826
163.57761324251024
271.7044157734094
172.1322284741601
260.97834781420363
174.69150976708903
250.42700730642756
173.85327011571027
241.00232012993877
170.64445036894134
231.6856915526764
163.8270847083112
225.1862325270755
149.61191638017237
246.60289630717648
149.73644856722964
255.96101038564828
152.1074073525607
265.25293917055757
154.40475828063387
282.8119684107879
162.67624597798735
262.29887464646896
167.57563229331444
252.77213744594337
166.3428355925364
243.42088415491912
163.39975204452904
269.46395932263465
102.02221659317468
267.23981938520353
112.04150511002553
264.8384671752085
119.52768927611052
262.9659749115026
127.19190505065012
247.8265246906273
131.71995747720217
253.13468194606833
134.64221781208556
259.54505127674656
137.35030531728196
267.28831888055856
138.06891681633783
273.0689895313674
138.54571585364698
230.95424447445697
93.14323449266702
237.59266676290883
92.66379172620813
244.71710857470447
94.69547509307148
251.48418140014405
100.16417913188812
244.45163488092936
100.47218186167581
236.19703992233758
97.55028128223624
222.52287771255828
76.06211347363497
230.9527602845695
71.65568678884392
241.12521105262124
72.25555413990762
249.70666771381758
75.63517133385434
257.373729348472
80.93495480751268
285.0707905144927
108.64473207835104
294.2225160198386
107.29404919897812
301.73672045921165
109.41010705148089
306.64498429416597
113.80873745711413
300.0685389027892
114.93586072989058
291.9810637255265
112.50377192085354
289.53479322674366
89.15224487389034
298.01002498138104
88.83793932339918
306.995607398098
90.02556541466706
315.2704639425084
94.79434393619796
320.732349756326
103.25876705799166
204.4744057368244
93.0984804420918
201.171937212071
109.46792353820422
199.76089155365264
124.91786248843789
197.90619879625044
139.91787991991615
198.37976309381276
157.39422187915005
204.11720432029435
171.1158625418415
211.86536256917103
181.89552732460265
223.55037758394403
193.02979736800063
243.03611510815668
203.40518223713048
263.4214967265135
203.9502306690341
278.6977078639552
199.01514335953087
289.3418581167913
192.69937146008877
301.35618374748316
182.36746966342005
309.86056307642673
167.96995266150068
315.2250477319518
154.55232428334494
321.23854468672073
140.4032468171376
325.4836437536979
126.42806850540507
