54.8088335692952
202.7151202242294
75.59244555924249
188.66071723131054
98.38147274808694
179.30296163752286
109.718750271696
180.53848365361543
122.13805191359512
177.94629181998218
142.66242815970998
179.9544613018525
158.61157781774352
187.20741537328456
147.75533745239585
201.21906124365182
134.52674439062642
212.0151010227782
115.57776511170056
216.5016268067809
99.90571932487939
216.93817718528572
80.75244523333518
213.76048482058837
61.92630796073115
202.89100783575552
95.2645855299817
189.80474938384845
108.8102693819927
188.03936298953752
125.5289645579135
185.66954278885828
156.1959954274891
186.24131512279564
130.28416514758712
198.5165720736534
115.36106887652303
200.93525081782946
100.72445423083272
201.51488580762407
102.27127972272629
88.45801670423344
104.61232211378214
104.15450392231025
105.37176682636942
118.94483577815363
105.1865561816823
133.20406095615317
77.60230861817413
154.05767201363952
92.51728699690926
155.92253672985606
107.18671282684411
156.4562695347562
123.13785635316898
152.57416183181007
133.77722519821464
148.82763776646593
19.837221821544432
98.17565391926216
33.34074412345022
92.32303099334595
52.07415556518761
89.64328062408663
68.58292489386514
95.15485298953986
54.4872620530583
102.60245496937338
35.263512386140164
101.193396275856
-10.676467430044319
77.53824230988192
6.223910777432806
65.66104803710786
29.46348099053374
59.886395137999834
53.19770034734641
54.51322910360133
72.51104262353056
58.70350574021552
139.2823393718302
89.76482942098347
157.3942445386507
80.44464945953746
173.95636627710147
78.58694762280683
186.34122439203406
85.56727982770136
175.53597008727874
92.13584474535301
157.84240478074585
91.07543193785668
131.09547234638927
51.927386364572776
151.62311327794814
47.677459689297756
173.0452561105305
46.8435464090805
193.73203402450537
49.41590862464185
212.65252947069808
61.0289097979573
-48.982211766506985
109.64941532000202
-43.59193262950214
138.27311518730593
-34.99375632056455
164.09226074892882
-25.38723589989329
193.56819388459735
-11.08825053114316
220.76817120521017
15.508391341925105
239.5466465408902
42.27544322197954
252.1797644104337
70.99995338639678
260.68237755318967
111.33458332604573
261.56448891381166
149.51077415309885
253.36444649375346
169.4504868664051
237.69838775384412
185.4352851366362
220.07386724239382
199.85614570469323
194.55031822772327
216.05759638882074
167.18774118398304
227.53995521892404
140.6316996527652
236.23725252694288
110.47741588301463
235.34809682221697
84.39274057043741
