253.64408493115977
241.02994232557597
265.1226946163141
237.97476224025587
281.8733194974743
237.3104620644047
290.6332003126229
239.28333847211346
298.87215103616745
238.0367731050093
317.4562675062448
238.56088313969173
329.9095333028527
241.7151293626057
316.1972979002365
262.1939564947945
303.9191568322175
271.4751786473688
290.52497690901384
274.0427288099578
278.07412737439927
272.03457586771395
265.66730750277526
262.9431035529243
255.54221581255234
241.71864423470612
278.85899553140814
242.05855366907156
290.3639042005283
242.6945537989506
303.11380471419614
242.69765327707552
328.4713033330706
241.69532891644002
302.40798202637035
262.626381623294
289.9982774920828
264.52217582072785
278.86465632487256
262.5033610997794
289.0901399879884
180.16584187387096
288.7274150788163
196.9517579826294
288.2218279652601
211.13406986195068
288.50094906702043
222.47477806612628
274.1571210583846
223.50065739539835
280.6360334151702
226.5241077716665
289.6926860402578
228.88508996602673
298.78395461730736
226.63484754508477
305.5393090525085
224.1175600535318
243.88556817512912
175.42209326647364
250.6900932562854
173.64223126715186
259.62878317114763
173.48289572416343
268.9951743076517
177.9735575636394
261.05442915707295
180.65105931620593
251.03601286336638
179.42905012373058
229.24536249858153
158.590150972673
236.90844315923988
152.52339651833313
248.37244102836803
150.35350220965938
258.96188343656746
151.36408385694898
268.7349149011683
154.8478440137132
310.5010773510047
177.68192436501678
320.27436015255046
173.175972831904
329.35774588905423
173.0784590961545
337.0548598569385
175.7558383607539
329.4473132367049
180.27746569087813
319.2364870872416
179.9465351570601
309.0105121746425
154.50881329737285
318.47852340774773
151.64583813474388
330.19492640383
150.32154616414644
341.81453040289125
152.34138339334226
351.5350781436264
158.44524770755143
216.3801383126101
173.32806028257627
218.23758973824408
193.16435548089947
222.70031139595574
211.09052805241583
225.55803530871555
228.34876308801344
232.0332690065798
248.42917414205624
242.7863060610191
264.6596179709817
252.90708503775505
279.07062553607295
267.95815807283697
294.8363074131752
292.7595565644259
303.1420673488632
317.3453822159007
294.2600814112584
333.78485195922747
278.7036515865343
345.13528551466663
264.185248702084
355.7144002593104
246.46972880622212
361.39795114163604
227.04362717036327
364.06982280802066
210.16509418175883
366.910113076327
191.54291835315829
367.9617868247943
171.71430528060003
