134.52243959564515
236.00301713915053
148.52748772109067
223.75892105119567
166.91068703931163
218.91491030247005
175.8302164447631
221.1078576033966
184.92286770954777
220.46410300564133
202.8892227470337
226.34133346122212
215.46399158855115
239.43190979793982
202.29603679090548
253.9462719578221
188.29375451267606
261.33673967525016
174.25933292165925
262.7435894169265
161.3464665801757
261.0210744317559
147.44990860160993
253.72900653513534
137.36484781657268
236.4232564791765
162.92975017818443
226.49783839780477
175.06660722187422
226.92117566988117
187.56526902738221
227.480638450975
213.74874597306305
238.3931526724719
187.56506726345154
251.44932793098496
175.29320492966164
252.42210018319753
163.41751448054495
250.5531404449669
179.901182053115
156.65441791283453
179.0804484173592
168.93660399285545
177.6163736750463
178.94382583047877
177.10084161172927
189.39106196114682
158.42881722677444
202.82723042850108
167.06407806759273
204.59242563432466
175.95949668333085
206.02350832879966
187.05734514561698
205.14686911784548
194.56879770634302
204.48127787710058
123.63180269014259
160.38182115131616
132.6744501274464
157.67734266257085
144.00320059470727
157.32980757803512
154.6693835341856
162.2262079198157
144.95453434141052
164.55312728918807
133.14934357239716
162.86679982039055
105.1773933146458
141.82171355075235
117.08337777726743
131.70907297136063
132.22645013308593
127.60514685558562
146.3046208697333
127.37229192640461
158.8076794475635
131.7637010092203
204.24159593323725
163.19818679918606
217.5079779017212
159.16889979715927
227.43824371779323
159.5986164345381
236.45826837437224
165.23163917336282
226.9493360864923
167.57677373554043
214.88898119984285
165.61720218338175
204.99476387271469
133.0941508351773
217.19717738020677
130.8396591202192
231.42138316849673
131.2215925844125
244.96255079687307
136.47357642740167
255.8970125094802
147.7934687135305
83.58634085609694
173.40011420588849
85.02747335812818
194.82356106338307
87.9960596971896
215.24653778141283
91.02674308932555
234.98253457452367
97.77025270606885
256.4606378046223
111.19717571212652
271.5383702417735
125.00388148690686
281.66239059421116
142.92014022177705
291.4611712581067
171.92126727272785
298.57181043729287
199.83591237075774
293.7123639992567
219.63657055647963
285.6717839071476
233.6517825399319
277.0822006024355
247.977895926864
261.94369688499177
257.6793110045896
242.67548783149624
262.6645110168954
224.33496370556293
269.6577833627145
203.37597997767833
274.1937055424324
183.5453397412985
